camera_matrix:
- - 643.8906909234142
  - 0.0
  - 325.17004200119055
- - 0.0
  - 644.4994103135596
  - 236.92161917991098
- - 0.0
  - 0.0
  - 1.0
dist_coeff:
- - 0.010714054686961754
  - -0.2427203630386014
  - -0.0026424974610695902
  - 0.0007186785222044043
  - 0.4620472225523187
rms: 0.12215944711935688
