camera_matrix:
- - 1334.619366534484
  - 0.0
  - 964.1432108880895
- - 0.0
  - 1335.0576934901655
  - 508.2886403700579
- - 0.0
  - 0.0
  - 1.0
dist_coeff:
- - 0.017453285585243318
  - 0.17048485446273565
  - -0.0008029953098491233
  - 0.0018690908179732485
  - -0.4461805529766471
rms: 0.1682423190325673
